0.00 0.00 0.00 0.00 0.00 0.00 0.00 0.00 0.00 0.00 0.00 0.00 0.00 0.00 0.00 0.00 0.00 0.00 0.00 0.00 
0.00 0.03 163.00 0.00 4.18 4.18 4.18 26.00 27.00 26.00 49.00 55.00 28.00 0.00 35.26 33.87 0.00 0.00 0.00 0.00 
0.00 0.03 163.00 0.00 4.18 4.18 4.18 26.00 27.00 26.00 49.00 55.00 28.00 0.00 35.26 33.86 0.00 0.00 0.00 0.00 
0.00 0.03 163.00 0.00 4.18 4.18 4.18 26.00 27.00 26.00 40.00 55.00 28.00 0.00 35.26 33.85 0.00 0.00 0.00 0.00 
0.00 0.03 163.00 0.00 4.18 4.18 4.18 26.00 27.00 26.00 49.00 55.00 28.00 0.00 35.26 33.84 0.00 0.00 0.00 0.00 
0.00 0.03 163.00 0.00 4.18 4.18 4.18 26.00 27.00 26.00 49.00 55.00 28.00 0.00 35.26 33.83 0.00 0.00 0.00 0.00 
0.00 0.03 163.00 0.10 4.18 4.18 4.18 26.00 27.00 26.00 1.00 55.00 28.00 -0.35 35.26 33.82 0.00 0.00 0.00 0.00 
0.00 0.04 163.00 0.10 4.17 4.18 4.18 26.00 27.00 26.00 39.00 55.00 28.00 -0.38 35.26 33.82 0.00 0.00 0.00 0.00 
0.10 0.12 163.00 0.10 4.18 4.18 4.18 26.00 27.00 26.00 4.00 55.00 28.00 -0.34 35.26 33.81 0.00 0.00 0.00 0.00 
0.11 0.24 163.00 0.10 4.17 4.18 4.18 26.00 27.00 26.00 2.00 55.00 28.00 -0.31 35.26 33.79 0.00 0.00 0.00 0.00 
0.04 0.29 163.00 0.70 4.16 4.19 4.18 26.00 27.00 26.00 4.00 55.00 28.00 -0.35 35.26 33.78 0.00 0.00 0.00 0.00 
0.00 0.29 163.00 0.10 4.17 4.19 4.18 26.00 27.00 26.00 2.00 55.00 28.00 0.15 35.26 33.77 0.00 0.00 0.00 0.00 
0.00 0.29 163.00 0.10 4.18 4.18 4.18 26.00 27.00 26.00 37.00 55.00 28.00 -0.32 35.26 33.77 0.00 0.00 0.00 0.00 
0.00 0.29 163.00 0.10 4.18 4.18 4.18 26.00 27.00 26.00 2.00 55.00 28.00 -0.31 35.26 33.76 0.00 0.00 0.00 0.00 
0.00 0.29 163.00 0.10 4.18 4.18 4.18 26.00 27.00 26.00 39.00 55.00 28.00 -0.31 35.26 33.75 0.00 0.00 0.00 0.00 
0.00 0.29 163.00 0.10 4.18 4.18 4.18 26.00 27.00 26.00 4.00 55.00 28.00 -0.31 35.26 33.74 0.00 0.00 0.00 0.00 
0.00 0.29 163.00 0.10 4.17 4.18 4.18 26.00 27.00 26.00 2.00 55.00 28.00 -0.31 35.26 33.74 0.00 0.00 0.00 0.00 
0.00 0.29 163.00 0.10 4.17 4.18 4.18 26.00 27.00 26.00 6.00 55.00 28.00 -0.29 35.26 33.73 0.00 0.00 0.00 0.00 
0.00 0.29 163.00 0.10 4.17 4.18 4.18 26.00 27.00 26.00 41.00 55.00 28.00 -0.28 35.26 33.72 0.00 0.00 0.00 0.00 
0.00 0.29 163.00 0.10 4.18 4.18 4.18 26.00 27.00 26.00 39.00 55.00 28.00 -0.30 35.26 33.71 0.00 0.00 0.00 0.00 
0.00 0.29 163.00 0.10 4.17 4.18 4.18 26.00 27.00 26.00 1.00 55.00 28.00 -0.29 35.26 33.71 0.00 0.00 0.00 0.00 
0.00 0.29 163.00 1.00 4.16 4.19 4.18 26.00 27.00 26.00 39.00 2.00 28.00 0.74 35.26 33.70 0.00 0.00 0.00 0.00 
0.00 0.29 163.00 0.30 4.18 4.19 4.18 26.00 27.00 26.00 4.00 55.00 28.00 -0.22 35.26 33.70 0.00 0.00 0.00 0.00 
0.23 0.35 163.10 1.60 4.16 4.19 4.18 26.00 27.00 26.00 39.00 4.00 28.00 2.24 35.26 33.69 0.00 0.00 0.00 0.00 
0.46 0.68 163.00 0.20 4.17 4.18 4.18 26.00 27.00 26.00 4.00 55.00 28.00 0.16 35.26 33.68 0.00 0.00 0.00 0.00 
0.52 1.15 163.00 0.20 4.17 4.19 4.18 26.00 27.00 26.00 39.00 55.00 28.00 -0.07 35.26 33.68 0.00 0.00 0.00 0.00 
0.69 1.66 163.10 0.40 4.17 4.18 4.18 26.00 27.00 26.00 37.00 55.00 28.00 0.11 35.26 33.68 0.00 0.00 0.00 0.00 
0.83 2.32 163.00 0.40 4.17 4.18 4.18 26.00 27.00 26.00 13.00 55.00 28.00 -0.24 35.26 33.66 0.00 0.00 0.00 0.00 
0.91 3.11 163.00 0.50 4.17 4.18 4.18 26.00 27.00 26.00 42.00 55.00 28.00 -0.12 35.26 33.66 0.00 0.00 0.00 0.00 
1.10 3.98 163.20 3.00 4.17 4.18 4.18 26.00 27.00 26.00 39.00 55.00 28.00 1.19 35.34 33.66 0.00 0.00 0.00 0.00 
1.34 5.07 163.00 0.70 4.17 4.18 4.18 26.00 27.00 26.00 49.00 55.00 28.00 0.15 35.34 33.66 0.00 0.00 0.00 0.00 
1.59 6.41 163.00 0.70 4.17 4.18 4.18 26.00 27.00 26.00 37.00 55.00 28.00 0.23 35.34 33.66 0.00 0.00 0.00 0.00 
1.67 7.85 163.00 0.80 4.17 4.18 4.18 26.00 27.00 26.00 7.00 55.00 28.00 0.28 35.34 33.66 0.00 0.00 0.00 0.00 
1.72 9.40 163.00 0.80 4.17 4.18 4.18 26.00 27.00 26.00 37.00 55.00 28.00 0.36 35.34 33.68 0.00 0.00 0.00 0.00 
1.87 11.05 163.00 0.90 4.17 4.18 4.18 26.00 27.00 26.00 49.00 55.00 28.00 0.38 35.34 33.68 0.00 0.00 0.00 0.00 
1.91 12.80 163.00 0.90 4.17 4.18 4.18 26.00 27.00 26.00 13.00 55.00 28.00 0.34 35.34 33.69 0.00 0.00 0.00 0.00 
1.74 14.60 163.00 -0.10 4.17 4.18 4.18 26.00 27.00 26.00 37.00 55.00 28.00 -0.99 35.34 33.69 0.00 0.00 0.00 0.00 
1.71 16.27 163.00 0.90 4.17 4.18 4.18 26.00 27.00 26.00 49.00 55.00 28.00 0.30 35.42 33.70 0.00 0.00 0.00 0.00 
1.49 17.84 163.00 0.80 4.17 4.18 4.18 26.00 27.00 26.00 37.00 55.00 28.00 0.24 35.42 33.71 0.00 0.00 0.00 0.00 
1.34 19.35 163.00 0.70 4.17 4.18 4.18 26.00 27.00 26.00 13.00 55.00 28.00 0.21 35.42 33.72 0.00 0.00 0.00 0.00 
1.28 20.65 163.00 0.70 4.17 4.18 4.18 26.00 27.00 26.00 37.00 55.00 28.00 0.20 35.42 33.73 0.00 0.00 0.00 0.00 
1.32 21.93 163.00 0.00 4.17 4.18 4.18 26.00 27.00 26.00 13.00 55.00 28.00 0.00 35.42 33.73 0.00 0.00 0.00 0.00 
0.94 23.13 163.00 0.00 4.17 4.18 4.18 26.00 27.00 26.00 40.00 55.00 28.00 0.00 35.42 33.74 0.00 0.00 0.00 0.00 
0.74 24.05 163.00 0.00 4.17 4.18 4.18 26.00 27.00 26.00 37.00 55.00 28.00 0.00 35.42 33.76 0.00 0.00 0.00 0.00 
0.42 24.71 163.00 0.00 4.17 4.18 4.18 26.00 27.00 26.00 37.00 55.00 28.00 0.00 35.42 33.77 0.00 0.00 0.00 0.00 
0.30 25.13 163.00 0.00 4.17 4.18 4.18 26.00 27.00 26.00 37.00 55.00 28.00 0.00 35.42 33.78 0.00 0.00 0.00 0.00 
0.08 25.38 163.00 0.00 4.17 4.18 4.18 26.00 27.00 26.00 40.00 55.00 28.00 0.00 35.42 33.81 0.00 0.00 0.00 0.00 
0.00 25.39 163.00 0.00 4.17 4.18 4.18 26.00 27.00 26.00 13.00 55.00 28.00 0.00 35.42 33.81 0.00 0.00 0.00 0.00 
0.00 25.39 163.00 0.00 4.17 4.18 4.18 26.00 27.00 26.00 37.00 55.00 28.00 0.00 35.42 33.82 0.00 0.00 0.00 0.00 
0.00 25.39 163.00 0.00 4.17 4.18 4.18 26.00 27.00 26.00 40.00 55.00 28.00 0.00 35.42 33.83 0.00 0.00 0.00 0.00 
0.00 25.39 163.00 0.00 4.17 4.18 4.18 26.00 27.00 26.00 49.00 55.00 28.00 0.00 35.42 33.84 0.00 0.00 0.00 0.00 
0.00 25.39 163.00 0.00 4.17 4.18 4.18 26.00 27.00 26.00 37.00 55.00 28.00 0.00 35.42 33.86 0.00 0.00 0.00 0.00 
0.00 25.39 163.00 0.00 4.17 4.18 4.18 26.00 27.00 26.00 2.00 55.00 28.00 0.00 35.42 33.86 0.00 0.00 0.00 0.00 
0.00 25.38 163.00 0.00 4.17 4.18 4.18 26.00 27.00 26.00 49.00 55.00 28.00 0.00 35.42 33.86 0.00 0.00 0.00 0.00 
0.00 25.38 163.00 0.00 4.17 4.18 4.18 26.00 27.00 26.00 49.00 55.00 28.00 0.00 35.42 33.87 0.00 0.00 0.00 0.00 
0.00 25.38 163.00 0.00 4.17 4.18 4.18 26.00 27.00 26.00 49.00 55.00 28.00 0.00 35.42 33.88 0.00 0.00 0.00 0.00 
0.00 25.38 163.00 0.00 4.17 4.18 4.18 26.00 27.00 26.00 37.00 55.00 28.00 0.00 35.42 33.88 0.00 0.00 0.00 0.00 
0.00 25.38 163.00 0.00 4.17 4.18 4.18 26.00 27.00 26.00 13.00 55.00 28.00 0.00 35.42 33.89 0.00 0.00 0.00 0.00 
0.00 25.38 163.00 0.00 4.17 4.18 4.18 26.00 27.00 26.00 37.00 55.00 28.00 0.00 35.42 33.89 0.00 0.00 0.00 0.00 
0.00 25.38 163.00 0.00 4.17 4.18 4.18 26.00 27.00 26.00 37.00 55.00 28.00 0.00 35.42 33.89 0.00 0.00 0.00 0.00 
0.00 25.38 163.00 0.00 4.17 4.18 4.18 26.00 27.00 26.00 40.00 55.00 28.00 0.00 35.42 33.90 0.00 0.00 0.00 0.00 
0.00 25.38 163.00 0.00 4.17 4.18 4.18 26.00 27.00 26.00 13.00 55.00 28.00 0.00 35.34 33.90 0.00 0.00 0.00 0.00 
0.00 25.38 163.00 0.00 4.17 4.18 4.18 26.00 27.00 26.00 37.00 55.00 28.00 0.00 35.34 33.90 0.00 0.00 0.00 0.00 
0.00 25.38 163.00 0.00 4.17 4.18 4.18 26.00 27.00 26.00 49.00 55.00 28.00 0.00 35.34 33.91 0.00 0.00 0.00 0.00 
0.00 25.38 163.00 0.00 4.17 4.18 4.18 26.00 27.00 26.00 13.00 55.00 28.00 0.00 35.34 33.90 0.00 0.00 0.00 0.00 
0.00 25.38 163.00 0.00 4.17 4.18 4.18 26.00 27.00 26.00 15.00 55.00 28.00 0.00 35.34 33.91 0.00 0.00 0.00 0.00 
0.00 25.38 163.00 0.00 4.17 4.18 4.18 26.00 27.00 26.00 40.00 55.00 28.00 0.00 35.34 33.91 0.00 0.00 0.00 0.00 
0.00 25.38 163.00 0.00 4.17 4.18 4.18 26.00 27.00 26.00 13.00 55.00 28.00 0.00 35.34 33.91 0.00 0.00 0.00 0.00 
0.00 25.38 163.00 0.00 4.17 4.18 4.18 26.00 27.00 26.00 37.00 55.00 28.00 0.00 35.34 33.91 0.00 0.00 0.00 0.00 
0.00 25.38 163.00 0.00 4.17 4.18 4.18 26.00 27.00 26.00 13.00 55.00 28.00 0.00 35.34 33.91 0.00 0.00 0.00 0.00 
0.00 25.38 163.00 0.00 4.17 4.18 4.18 26.00 27.00 26.00 49.00 55.00 28.00 0.00 35.34 33.91 0.00 0.00 0.00 0.00 
0.00 25.38 163.00 0.00 4.17 4.18 4.18 26.00 27.00 26.00 37.00 55.00 28.00 0.00 35.34 33.91 0.00 0.00 0.00 0.00 
0.00 25.38 163.00 0.20 4.18 4.18 4.18 26.00 27.00 26.00 37.00 55.00 28.00 -0.08 35.34 33.91 0.00 0.00 0.00 0.00 
0.06 25.39 163.00 0.20 4.17 4.18 4.18 26.00 27.00 26.00 39.00 55.00 28.00 -0.23 35.34 33.91 0.00 0.00 0.00 0.00 
0.19 25.49 163.10 2.10 4.16 4.21 4.18 26.00 27.00 26.00 6.00 2.00 28.00 0.96 35.34 33.91 0.00 0.00 0.00 0.00 
0.68 25.78 163.20 3.90 4.17 4.18 4.18 26.00 27.00 26.00 2.00 55.00 28.00 2.37 35.34 33.91 0.00 0.00 0.00 0.00 
1.22 26.46 163.10 4.80 4.16 4.18 4.17 26.00 27.00 26.00 2.00 55.00 28.00 4.36 35.34 33.91 0.00 0.00 0.00 0.00 
1.67 27.70 163.00 1.30 4.17 4.18 4.18 26.00 27.00 26.00 13.00 55.00 28.00 1.38 35.42 33.92 0.00 0.00 0.00 0.00 
1.80 29.37 163.00 0.80 4.17 4.18 4.18 26.00 27.00 26.00 4.00 55.00 28.00 0.29 35.50 33.92 0.00 0.00 0.00 0.00 
1.90 31.17 163.00 0.90 4.17 4.18 4.18 26.00 27.00 26.00 13.00 55.00 28.00 0.36 35.50 33.94 0.00 0.00 0.00 0.00 
2.05 33.07 163.00 1.00 4.17 4.18 4.18 26.00 27.00 26.00 37.00 55.00 28.00 0.50 35.56 33.94 0.00 0.00 0.00 0.00 
2.28 35.06 163.00 3.50 4.17 4.18 4.18 26.00 27.00 26.00 37.00 55.00 28.00 0.83 35.56 33.95 0.00 0.00 0.00 0.00 
2.57 37.22 163.10 2.70 4.17 4.18 4.18 26.00 27.00 26.00 54.00 55.00 28.00 0.84 35.56 33.97 0.00 0.00 0.00 0.00 
2.92 39.73 163.00 3.20 4.16 4.18 4.17 26.00 27.00 26.00 13.00 55.00 28.00 2.95 35.64 33.98 0.00 0.00 0.00 0.00 
3.17 42.60 163.10 3.80 4.16 4.18 4.17 26.00 27.00 26.00 37.00 55.00 28.00 2.93 35.64 33.99 0.00 0.00 0.00 0.00 
3.53 45.77 163.10 4.50 4.16 4.17 4.17 26.00 27.00 26.00 13.00 55.00 28.00 4.17 35.72 34.00 0.00 0.00 0.00 0.00 
3.92 49.28 163.10 6.80 4.16 4.17 4.17 26.00 27.00 26.00 13.00 55.00 28.00 6.11 35.79 34.02 0.00 0.00 0.00 0.00 
4.32 53.23 163.00 5.30 4.16 4.17 4.17 26.00 27.00 26.00 13.00 55.00 28.00 4.04 35.79 34.04 0.00 0.00 0.00 0.00 
4.57 57.56 163.00 2.60 4.16 4.18 4.17 26.00 27.00 26.00 13.00 55.00 28.00 4.11 35.87 34.08 0.00 0.00 0.00 0.00 
4.62 62.12 163.00 2.10 4.17 4.18 4.18 26.00 27.00 26.00 13.00 55.00 28.00 1.79 35.95 34.09 0.00 0.00 0.00 0.00 
4.72 66.75 163.00 2.30 4.17 4.18 4.18 26.00 27.00 26.00 13.00 55.00 28.00 1.83 35.95 34.12 0.00 0.00 0.00 0.00 
4.77 71.45 163.00 2.50 4.17 4.18 4.17 26.00 27.00 26.00 13.00 55.00 28.00 1.84 36.03 34.15 0.00 0.00 0.00 0.00 
4.93 76.22 163.00 4.00 4.16 4.17 4.17 26.00 27.00 26.00 13.00 55.00 28.00 5.10 36.03 34.17 0.00 0.00 0.00 0.00 
5.30 81.18 163.10 7.60 4.15 4.17 4.17 26.00 27.00 26.00 13.00 55.00 28.00 7.01 36.09 34.21 0.00 0.00 0.00 0.00 
5.70 86.51 163.00 7.90 4.15 4.17 4.17 26.00 27.00 26.00 13.00 55.00 28.00 7.69 36.09 34.24 0.00 0.00 0.00 0.00 
6.10 92.24 163.10 8.80 4.15 4.17 4.16 26.00 27.00 26.00 49.00 55.00 28.00 8.14 36.17 34.26 0.00 0.00 0.00 0.00 
6.47 98.35 163.00 9.20 4.15 4.17 4.16 26.00 27.00 26.00 13.00 55.00 28.00 8.63 36.25 34.29 0.00 0.00 0.00 0.00 
6.74 104.83 163.00 11.60 4.14 4.16 4.16 26.00 27.00 26.00 13.00 55.00 28.00 6.20 36.25 34.33 0.00 0.00 0.00 0.00 
7.20 111.61 163.10 12.30 4.14 4.16 4.16 26.00 27.00 26.00 13.00 55.00 28.00 12.05 36.33 34.36 0.00 0.00 0.00 0.00 
7.65 118.84 163.00 13.10 4.14 4.16 4.16 26.00 27.00 26.00 13.00 55.00 28.00 12.94 36.41 34.39 0.00 0.00 0.00 0.00 
8.11 126.53 163.10 14.60 4.13 4.16 4.15 26.00 27.00 26.00 13.00 55.00 28.00 13.93 36.48 34.43 0.00 0.00 0.00 0.00 
8.47 134.68 163.00 0.00 4.16 4.17 4.16 26.00 27.00 26.00 13.00 55.00 28.00 9.99 36.63 34.48 0.00 0.00 0.00 0.00 
8.72 143.17 163.00 13.20 4.14 4.16 4.15 26.00 27.00 26.00 13.00 55.00 28.00 12.68 36.71 34.51 0.00 0.00 0.00 0.00 
9.03 151.92 162.90 11.70 4.14 4.16 4.16 26.00 27.00 26.00 37.00 55.00 28.00 11.21 36.79 34.56 0.00 0.00 0.00 0.00 
9.49 161.00 162.90 11.90 4.13 4.16 4.15 26.00 27.00 26.00 6.00 55.00 28.00 12.13 36.94 34.62 0.00 0.00 0.00 0.00 
9.85 170.51 162.80 9.30 4.14 4.16 4.16 26.00 27.00 26.00 13.00 55.00 28.00 9.28 37.01 34.66 0.00 0.00 0.00 0.00 
10.10 180.38 162.70 7.90 4.14 4.16 4.16 26.00 27.00 26.00 13.00 55.00 28.00 8.26 37.09 34.72 0.00 0.00 0.00 0.00 
10.55 190.53 162.90 16.00 4.13 4.15 4.14 26.00 27.00 26.00 13.00 55.00 28.00 16.52 37.17 34.77 0.00 0.00 0.00 0.00 
10.92 201.12 162.80 15.90 4.12 4.15 4.15 26.00 27.00 26.00 13.00 55.00 28.00 13.10 37.32 34.83 0.00 0.00 0.00 0.00 
11.29 212.06 162.90 19.20 4.12 4.15 4.15 26.00 27.00 26.00 13.00 55.00 28.00 14.99 37.39 34.88 0.00 0.00 0.00 0.00 
11.78 223.39 163.00 23.50 4.10 4.14 4.13 26.00 27.00 26.00 13.00 55.00 28.00 23.65 37.47 34.94 0.00 0.00 0.00 0.00 
12.17 235.19 162.90 22.60 4.10 4.14 4.14 26.00 27.00 26.00 13.00 55.00 28.00 16.67 37.63 34.99 0.00 0.00 0.00 0.00 
12.62 247.41 163.00 30.20 4.09 4.13 4.12 26.00 27.00 26.00 13.00 55.00 28.00 28.96 37.70 35.06 0.00 0.00 0.00 0.00 
13.15 260.08 163.10 23.40 4.10 4.13 4.12 26.00 27.00 26.00 13.00 55.00 28.00 33.18 37.85 35.12 0.00 0.00 0.00 0.00 
13.58 273.27 163.00 31.10 4.09 4.13 4.12 26.00 27.00 26.00 13.00 55.00 28.00 31.48 38.09 35.18 0.00 0.00 0.00 0.00 
13.89 286.90 162.70 27.20 4.09 4.13 4.12 26.00 27.00 26.00 13.00 55.00 28.00 25.97 38.23 35.25 0.00 0.00 0.00 0.00 
14.12 300.80 162.90 30.50 4.08 4.13 4.13 26.00 27.00 26.00 13.00 55.00 28.00 30.13 38.39 35.33 0.00 0.00 0.00 0.00 
14.35 314.93 162.80 26.60 4.09 4.13 4.11 26.00 27.00 26.00 13.00 55.00 28.00 27.07 38.70 35.39 0.00 0.00 0.00 0.00 
14.63 329.33 162.80 30.60 4.07 4.12 4.11 26.00 27.00 26.00 37.00 55.00 28.00 31.97 38.85 35.48 0.00 0.00 0.00 0.00 
14.75 343.96 162.50 28.70 4.08 4.13 4.12 26.00 27.00 26.00 13.00 55.00 28.00 28.31 39.00 35.58 0.00 0.00 0.00 0.00 
14.94 358.72 162.70 32.40 4.07 4.12 4.11 26.00 27.00 26.00 39.00 55.00 28.00 33.31 39.16 35.67 0.00 0.00 0.00 0.00 
15.09 373.68 162.60 16.40 4.10 4.13 4.11 26.00 27.00 26.00 37.00 55.00 28.00 25.36 39.47 35.76 0.00 0.00 0.00 0.00 
15.20 388.81 162.60 22.00 4.09 4.13 4.13 26.00 27.00 26.00 13.00 55.00 28.00 20.60 39.61 35.85 0.00 0.00 0.00 0.00 
15.13 403.97 162.30 26.10 4.08 4.12 4.12 26.00 27.00 26.00 37.00 55.00 28.00 26.91 39.85 35.95 0.00 0.00 0.00 0.00 
15.40 419.10 162.40 22.60 4.08 4.12 4.11 26.00 27.00 26.00 37.00 55.00 28.00 29.22 40.00 36.05 0.00 0.00 0.00 0.00 
15.31 434.28 162.40 34.30 4.06 4.11 4.10 26.00 27.00 26.00 13.00 55.00 28.00 34.97 40.08 36.15 0.00 0.00 0.00 0.00 
15.62 449.61 162.30 34.60 4.06 4.11 4.10 26.00 27.00 26.00 4.00 55.00 28.00 34.48 40.39 36.26 0.00 0.00 0.00 0.00 
15.63 465.23 161.90 16.20 4.09 4.13 4.14 26.00 27.00 26.00 13.00 55.00 28.00 8.61 40.55 36.37 0.00 0.00 0.00 0.00 
15.60 480.89 162.10 5.70 4.12 4.14 4.11 26.00 27.00 26.00 13.00 55.00 28.00 19.77 40.78 36.47 0.00 0.00 0.00 0.00 
15.50 496.52 161.90 5.90 4.12 4.14 4.14 26.00 27.00 26.00 4.00 55.00 28.00 7.50 40.94 36.58 0.00 0.00 0.00 0.00 
15.51 512.03 162.20 26.50 4.08 4.12 4.12 26.00 27.00 26.00 13.00 55.00 28.00 23.80 41.17 36.69 0.00 0.00 0.00 0.00 
15.63 527.54 162.10 23.50 4.08 4.12 4.12 26.00 27.00 26.00 13.00 55.00 28.00 23.69 41.25 36.79 0.00 0.00 0.00 0.00 
15.67 543.17 162.00 17.50 4.09 4.13 4.14 26.00 27.00 26.00 37.00 55.00 28.00 11.06 41.40 36.90 0.00 0.00 0.00 0.00 
15.72 558.84 162.10 18.30 4.09 4.13 4.12 26.00 27.00 26.00 13.00 55.00 28.00 18.65 41.48 37.01 0.00 0.00 0.00 0.00 
15.87 574.56 162.10 23.30 4.08 4.12 4.12 26.00 27.00 26.00 13.00 55.00 28.00 22.73 41.64 37.11 0.00 0.00 0.00 0.00 
16.07 590.44 162.00 9.70 4.11 4.14 4.11 26.00 27.00 26.00 13.00 55.00 28.00 24.26 41.79 37.21 0.00 0.00 0.00 0.00 
16.19 606.48 162.20 30.00 4.06 4.11 4.11 26.00 27.00 26.00 4.00 55.00 28.00 29.64 41.87 37.32 0.00 0.00 0.00 0.00 
16.46 622.69 162.10 5.20 4.11 4.14 4.11 26.00 27.00 26.00 13.00 55.00 28.00 23.89 42.03 37.41 0.00 0.00 0.00 0.00 
16.58 639.16 161.90 12.40 4.10 4.13 4.12 26.00 27.00 26.00 13.00 55.00 28.00 14.97 42.11 37.51 0.00 0.00 0.00 0.00 
16.51 655.73 161.80 7.60 4.11 4.14 4.14 26.00 27.00 26.00 15.00 55.00 28.00 7.73 42.26 37.61 0.00 0.00 0.00 0.00 
16.45 672.28 161.80 1.60 4.13 4.15 4.15 26.00 27.00 26.00 39.00 55.00 28.00 1.26 42.43 37.71 0.00 0.00 0.00 0.00 
16.37 688.74 161.80 3.20 4.12 4.15 4.15 26.00 27.00 26.00 37.00 55.00 28.00 2.87 42.43 37.80 0.00 0.00 0.00 0.00 
16.34 705.10 161.90 4.90 4.12 4.15 4.14 26.00 27.00 26.00 13.00 55.00 28.00 4.48 42.51 37.89 0.00 0.00 0.00 0.00 
16.35 721.44 161.90 4.80 4.12 4.15 4.14 26.00 27.00 26.00 37.00 55.00 28.00 4.93 42.58 37.97 0.00 0.00 0.00 0.00 
16.39 737.78 162.00 5.00 4.12 4.15 4.14 26.00 27.00 26.00 13.00 55.00 28.00 4.58 42.66 38.05 0.00 0.00 0.00 0.00 
16.46 754.19 162.00 5.10 4.12 4.15 4.15 26.00 27.00 26.00 37.00 55.00 28.00 4.56 42.66 38.13 0.00 0.00 0.00 0.00 
16.54 770.65 162.00 4.80 4.12 4.15 4.15 26.00 27.00 26.00 37.00 55.00 28.00 5.03 42.74 38.21 0.00 0.00 0.00 0.00 
16.65 787.20 162.00 4.70 4.12 4.15 4.15 26.00 27.00 26.00 13.00 55.00 28.00 4.73 42.74 38.28 0.00 0.00 0.00 0.00 
16.80 803.86 162.00 5.30 4.13 4.15 4.15 26.00 27.00 26.00 13.00 55.00 28.00 4.87 42.82 38.34 0.00 0.00 0.00 0.00 
16.97 820.67 162.00 5.00 4.12 4.15 4.15 26.00 27.00 26.00 37.00 55.00 28.00 4.90 42.82 38.41 0.00 0.00 0.00 0.00 
17.16 837.66 162.10 5.20 4.13 4.15 4.15 26.00 27.00 26.00 6.00 55.00 28.00 4.92 42.82 38.47 0.00 0.00 0.00 0.00 
17.38 854.84 162.10 5.50 4.12 4.15 4.15 26.00 27.00 26.00 37.00 55.00 28.00 5.20 42.90 38.52 0.00 0.00 0.00 0.00 
17.60 872.23 162.10 5.40 4.13 4.15 4.15 26.00 27.00 26.00 37.00 55.00 28.00 5.19 42.90 38.58 0.00 0.00 0.00 0.00 
17.78 889.85 162.10 5.50 4.13 4.15 4.15 26.00 27.00 26.00 37.00 55.00 28.00 5.07 42.97 38.62 0.00 0.00 0.00 0.00 
18.00 907.66 162.10 5.20 4.13 4.15 4.15 26.00 27.00 26.00 39.00 55.00 28.00 5.00 42.97 38.67 0.00 0.00 0.00 0.00 
18.18 925.67 162.10 5.40 4.13 4.15 4.15 26.00 27.00 26.00 6.00 55.00 28.00 5.24 42.97 38.71 0.00 0.00 0.00 0.00 
18.32 943.87 162.00 0.00 4.14 4.16 4.16 26.00 27.00 26.00 37.00 55.00 28.00 0.00 42.97 38.76 0.00 0.00 0.00 0.00 
18.36 962.18 162.00 0.00 4.14 4.16 4.16 26.00 27.00 26.00 37.00 55.00 28.00 0.00 43.05 38.79 0.00 0.00 0.00 0.00 
18.44 980.55 162.10 0.00 4.14 4.16 4.16 26.00 27.00 26.00 15.00 55.00 28.00 0.00 43.05 38.83 0.00 0.00 0.00 0.00 
18.49 998.98 162.10 0.00 4.14 4.16 4.16 26.00 27.00 26.00 37.00 55.00 28.00 0.00 43.05 38.87 0.00 0.00 0.00 0.00 
18.54 1017.47 162.10 0.00 4.14 4.16 4.16 26.00 27.00 26.00 37.00 55.00 28.00 0.00 43.05 38.90 0.00 0.00 0.00 0.00 
18.60 1036.01 162.10 0.00 4.14 4.16 4.16 26.00 27.00 26.00 37.00 55.00 28.00 0.00 43.05 38.93 0.00 0.00 0.00 0.00 
18.68 1054.62 162.10 6.40 4.14 4.16 4.16 26.00 27.00 26.00 37.00 55.00 28.00 0.00 43.05 38.97 0.00 0.00 0.00 0.00 
18.84 1073.30 162.30 5.80 4.13 4.15 4.15 26.00 27.00 26.00 4.00 55.00 28.00 5.40 43.05 39.01 0.00 0.00 0.00 0.00 
18.88 1092.14 162.10 -2.10 4.15 4.16 4.16 26.00 27.00 26.00 39.00 55.00 28.00 -2.27 43.05 39.04 0.00 0.00 0.00 0.00 
18.89 1111.02 162.20 0.00 4.14 4.16 4.16 26.00 27.00 26.00 37.00 55.00 28.00 -0.07 43.13 39.06 0.00 0.00 0.00 0.00 
18.95 1129.91 162.20 0.00 4.14 4.16 4.16 26.00 27.00 26.00 37.00 55.00 28.00 0.00 43.13 39.08 0.00 0.00 0.00 0.00 
19.00 1148.88 162.20 0.00 4.15 4.16 4.16 26.00 27.00 26.00 37.00 55.00 28.00 0.00 43.13 39.09 0.00 0.00 0.00 0.00 
19.00 1167.88 162.20 0.00 4.15 4.16 4.16 26.00 27.00 26.00 49.00 55.00 28.00 0.00 43.13 39.11 0.00 0.00 0.00 0.00 
18.68 1186.85 162.20 0.00 4.15 4.16 4.16 26.00 27.00 26.00 40.00 55.00 28.00 0.00 43.13 39.14 0.00 0.00 0.00 0.00 
18.40 1205.51 162.20 0.00 4.15 4.16 4.16 26.00 27.00 26.00 37.00 55.00 28.00 0.00 43.13 39.15 0.00 0.00 0.00 0.00 
18.07 1223.88 162.20 0.00 4.15 4.16 4.16 26.00 27.00 26.00 37.00 55.00 28.00 0.00 43.13 39.17 0.00 0.00 0.00 0.00 
17.60 1241.91 162.30 0.00 4.15 4.16 4.16 26.00 27.00 26.00 37.00 55.00 28.00 0.00 43.13 39.18 0.00 0.00 0.00 0.00 
17.46 1259.50 162.30 0.00 4.15 4.16 4.16 26.00 27.00 26.00 40.00 55.00 28.00 0.00 43.13 39.19 0.00 0.00 0.00 0.00 
17.55 1276.98 162.30 0.00 4.15 4.16 4.16 26.00 27.00 26.00 37.00 55.00 28.00 0.00 43.13 39.20 0.00 0.00 0.00 0.00 
17.61 1294.53 162.30 0.00 4.15 4.16 4.16 26.00 27.00 26.00 37.00 55.00 28.00 0.00 43.13 39.21 0.00 0.00 0.00 0.00 
17.68 1312.15 162.30 0.00 4.15 4.16 4.16 26.00 27.00 26.00 37.00 55.00 28.00 0.00 43.13 39.21 0.00 0.00 0.00 0.00 
17.76 1329.84 162.30 0.00 4.15 4.16 4.16 26.00 27.00 26.00 37.00 55.00 28.00 0.00 43.13 39.23 0.00 0.00 0.00 0.00 
17.82 1347.60 162.30 0.00 4.15 4.16 4.16 26.00 27.00 26.00 37.00 55.00 28.00 0.00 43.13 39.24 0.00 0.00 0.00 0.00 
17.89 1365.42 162.30 0.00 4.15 4.16 4.16 26.00 27.00 26.00 37.00 55.00 28.00 0.00 43.13 39.24 0.00 0.00 0.00 0.00 
17.96 1383.32 162.30 0.00 4.15 4.16 4.16 26.00 27.00 26.00 37.00 55.00 28.00 0.00 43.13 39.24 0.00 0.00 0.00 0.00 
18.00 1401.27 162.30 0.00 4.15 4.16 4.16 26.00 27.00 26.00 37.00 55.00 28.00 0.00 43.13 39.24 0.00 0.00 0.00 0.00 
18.07 1419.27 162.30 0.00 4.15 4.16 4.16 26.00 27.00 26.00 37.00 55.00 28.00 0.00 43.13 39.24 0.00 0.00 0.00 0.00 
18.13 1437.35 162.30 0.00 4.15 4.16 4.16 26.00 27.00 26.00 49.00 55.00 28.00 0.00 43.13 39.24 0.00 0.00 0.00 0.00 
18.23 1455.52 162.30 0.00 4.15 4.16 4.16 26.00 27.00 26.00 49.00 55.00 28.00 0.00 43.05 39.23 0.00 0.00 0.00 0.00 
18.24 1473.76 162.30 0.00 4.15 4.16 4.16 26.00 27.00 26.00 37.00 55.00 28.00 0.00 43.05 39.23 0.00 0.00 0.00 0.00 
18.23 1492.00 162.30 0.00 4.15 4.16 4.16 26.00 27.00 26.00 37.00 55.00 28.00 0.00 43.05 39.21 0.00 0.00 0.00 0.00 
18.22 1510.23 162.30 0.00 4.15 4.17 4.16 26.00 27.00 26.00 49.00 55.00 28.00 0.00 43.05 39.21 0.00 0.00 0.00 0.00 
18.22 1528.46 162.40 0.00 4.15 4.17 4.16 26.00 27.00 26.00 40.00 55.00 28.00 0.00 43.05 39.19 0.00 0.00 0.00 0.00 
18.19 1546.68 162.40 0.00 4.15 4.17 4.16 26.00 27.00 26.00 37.00 55.00 28.00 0.00 43.05 39.19 0.00 0.00 0.00 0.00 
18.16 1564.88 162.40 0.00 4.15 4.17 4.16 26.00 27.00 26.00 40.00 55.00 28.00 0.00 43.05 39.18 0.00 0.00 0.00 0.00 
18.08 1583.03 162.40 0.00 4.15 4.17 4.16 26.00 27.00 26.00 49.00 55.00 28.00 0.00 43.05 39.17 0.00 0.00 0.00 0.00 
17.97 1601.10 162.40 0.00 4.15 4.17 4.16 26.00 27.00 26.00 49.00 55.00 28.00 0.00 43.05 39.16 0.00 0.00 0.00 0.00 
17.87 1619.07 162.40 0.00 4.15 4.17 4.16 26.00 27.00 26.00 49.00 55.00 28.00 0.00 43.05 39.15 0.00 0.00 0.00 0.00 
17.76 1636.93 162.40 0.00 4.15 4.17 4.16 26.00 27.00 26.00 13.00 55.00 28.00 0.00 43.05 39.14 0.00 0.00 0.00 0.00 
17.66 1654.69 162.40 0.00 4.15 4.17 4.16 26.00 27.00 26.00 40.00 55.00 28.00 0.00 42.97 39.12 0.00 0.00 0.00 0.00 
17.57 1672.35 162.40 0.00 4.15 4.17 4.16 26.00 27.00 26.00 40.00 55.00 28.00 0.00 42.97 39.10 0.00 0.00 0.00 0.00 
17.46 1689.91 162.40 0.00 4.15 4.17 4.16 26.00 27.00 26.00 40.00 55.00 28.00 0.00 42.97 39.09 0.00 0.00 0.00 0.00 
17.38 1707.37 162.40 0.00 4.15 4.17 4.16 26.00 27.00 26.00 40.00 55.00 28.00 0.00 42.97 39.08 0.00 0.00 0.00 0.00 
17.32 1724.74 162.40 0.00 4.15 4.17 4.17 26.00 27.00 26.00 37.00 55.00 28.00 0.00 42.97 39.06 0.00 0.00 0.00 0.00 
17.23 1742.05 162.40 0.00 4.15 4.17 4.17 26.00 27.00 26.00 40.00 55.00 28.00 0.00 42.97 39.05 0.00 0.00 0.00 0.00 
17.16 1759.28 162.40 0.00 4.15 4.17 4.17 26.00 27.00 26.00 37.00 55.00 28.00 0.00 42.97 39.02 0.00 0.00 0.00 0.00 
17.14 1776.44 162.40 0.00 4.15 4.17 4.17 26.00 27.00 26.00 40.00 55.00 28.00 0.00 42.97 39.01 0.00 0.00 0.00 0.00 
17.10 1793.57 162.40 0.00 4.15 4.17 4.17 26.00 27.00 26.00 37.00 55.00 28.00 0.00 42.97 38.99 0.00 0.00 0.00 0.00 
17.01 1810.66 162.40 0.00 4.15 4.17 4.17 26.00 27.00 26.00 37.00 55.00 28.00 0.00 42.90 38.97 0.00 0.00 0.00 0.00 
16.82 1827.65 162.40 0.00 4.15 4.17 4.17 26.00 27.00 26.00 49.00 55.00 28.00 0.00 42.90 38.96 0.00 0.00 0.00 0.00 
16.69 1844.48 162.40 0.00 4.15 4.17 4.17 26.00 27.00 26.00 13.00 55.00 28.00 0.00 42.90 38.93 0.00 0.00 0.00 0.00 
16.53 1861.16 162.40 0.00 4.15 4.17 4.17 26.00 27.00 26.00 40.00 55.00 28.00 0.00 42.90 38.91 0.00 0.00 0.00 0.00 
16.10 1877.64 162.40 0.00 4.15 4.17 4.17 26.00 27.00 26.00 37.00 55.00 28.00 0.00 42.90 38.89 0.00 0.00 0.00 0.00 
15.98 1893.74 162.40 0.00 4.15 4.17 4.17 26.00 27.00 26.00 49.00 55.00 28.00 0.00 42.90 38.87 0.00 0.00 0.00 0.00 
15.89 1909.73 162.40 0.00 4.15 4.17 4.17 26.00 27.00 26.00 49.00 55.00 28.00 0.00 42.82 38.84 0.00 0.00 0.00 0.00 
15.72 1925.60 162.40 0.00 4.15 4.17 4.17 26.00 27.00 26.00 37.00 55.00 28.00 0.00 42.82 38.82 0.00 0.00 0.00 0.00 
15.56 1941.31 162.40 0.00 4.15 4.17 4.17 26.00 27.00 26.00 13.00 55.00 28.00 0.00 42.82 38.81 0.00 0.00 0.00 0.00 
14.98 1956.82 162.40 0.00 4.15 4.17 4.17 26.00 27.00 26.00 40.00 55.00 28.00 0.00 42.82 38.78 0.00 0.00 0.00 0.00 
14.45 1971.78 162.40 0.00 4.15 4.17 4.17 26.00 27.00 26.00 40.00 55.00 28.00 0.00 42.82 38.76 0.00 0.00 0.00 0.00 
13.85 1986.17 162.40 0.00 4.15 4.17 4.17 26.00 27.00 26.00 13.00 55.00 28.00 0.00 42.82 38.73 0.00 0.00 0.00 0.00 
13.24 1999.96 162.40 0.00 4.15 4.17 4.17 26.00 27.00 26.00 49.00 55.00 28.00 0.00 42.82 38.71 0.00 0.00 0.00 0.00 
12.57 2013.17 162.40 0.00 4.15 4.17 4.17 26.00 27.00 26.00 40.00 55.00 28.00 0.00 42.74 38.69 0.00 0.00 0.00 0.00 
11.70 2025.68 162.40 0.00 4.15 4.17 4.17 26.00 27.00 26.00 37.00 55.00 28.00 0.00 42.74 38.67 0.00 0.00 0.00 0.00 
10.33 2037.29 162.40 0.00 4.15 4.17 4.17 26.00 27.00 26.00 49.00 55.00 28.00 0.00 42.74 38.63 0.00 0.00 0.00 0.00 
9.55 2047.58 162.40 0.00 4.15 4.17 4.17 26.00 27.00 26.00 49.00 55.00 28.00 0.00 42.74 38.62 0.00 0.00 0.00 0.00 
8.80 2057.08 162.40 0.00 4.15 4.17 4.17 26.00 27.00 26.00 13.00 55.00 28.00 0.00 42.74 38.59 0.00 0.00 0.00 0.00 
7.86 2065.82 162.40 0.00 4.15 4.17 4.17 26.00 27.00 26.00 49.00 55.00 28.00 0.00 42.74 38.57 0.00 0.00 0.00 0.00 
6.86 2073.62 162.40 0.00 4.15 4.17 4.17 26.00 27.00 26.00 37.00 55.00 28.00 0.00 42.74 38.54 0.00 0.00 0.00 0.00 
5.85 2080.42 162.40 0.00 4.15 4.17 4.17 26.00 27.00 26.00 40.00 55.00 28.00 0.00 42.66 38.52 0.00 0.00 0.00 0.00 
4.89 2086.21 162.40 0.00 4.15 4.17 4.17 26.00 27.00 26.00 49.00 55.00 28.00 0.00 42.66 38.50 0.00 0.00 0.00 0.00 
3.97 2091.05 162.40 0.00 4.15 4.17 4.17 26.00 27.00 26.00 37.00 55.00 28.00 0.00 42.66 38.48 0.00 0.00 0.00 0.00 
3.00 2094.90 162.40 0.00 4.15 4.17 4.17 26.00 27.00 26.00 49.00 55.00 28.00 0.00 42.66 38.44 0.00 0.00 0.00 0.00 
1.78 2097.68 162.40 0.00 4.15 4.17 4.17 26.00 27.00 26.00 40.00 55.00 28.00 0.00 42.66 38.42 0.00 0.00 0.00 0.00 
0.72 2099.36 162.40 0.00 4.15 4.17 4.17 26.00 27.00 26.00 13.00 55.00 28.00 0.00 42.66 38.40 0.00 0.00 0.00 0.00 
0.11 2099.92 162.40 0.00 4.15 4.17 4.17 26.00 27.00 26.00 40.00 55.00 28.00 0.00 42.66 38.38 0.00 0.00 0.00 0.00 
0.00 2099.93 162.40 0.00 4.15 4.17 4.17 26.00 27.00 26.00 40.00 55.00 28.00 0.00 42.58 38.35 0.00 0.00 0.00 0.00 
